255 0.000010 1.000000 1.400000 1.000000
17 9 238 0
17 9 238 0
17 10 238 0
17 10 238 0
17 11 238 0
17 11 238 0
18 12 237 0
18 12 237 0
18 13 237 0
18 14 237 0
18 14 237 0
18 15 237 0
18 16 237 0
19 16 236 0
19 17 236 0
19 18 236 0
19 19 236 1
19 20 236 1
19 21 236 1
19 22 236 1
20 23 235 1
20 24 235 1
20 25 235 1
20 26 235 2
20 27 235 2
21 28 234 2
21 29 234 2
21 31 234 2
21 32 234 3
21 33 234 3
22 35 233 3
22 36 233 3
22 38 233 4
22 39 233 4
22 41 233 4
23 42 232 4
23 44 232 5
23 46 232 5
23 47 232 5
24 49 231 5
24 51 231 6
24 53 231 6
24 55 231 6
25 57 230 7
25 59 230 7
25 61 230 7
25 63 230 8
26 65 229 8
26 67 229 9
26 70 229 9
27 72 228 9
27 74 228 10
27 77 228 10
28 79 227 11
28 82 227 11
28 84 227 11
29 87 226 12
29 89 226 12
29 92 226 13
30 95 225 13
30 98 225 14
31 100 224 14
31 103 224 15
31 106 224 15
32 109 223 16
32 112 223 16
33 115 222 17
33 118 222 17
34 121 221 18
34 124 221 18
35 127 220 19
35 130 220 19
36 133 219 20
36 136 219 20
37 139 218 21
38 142 217 22
38 146 217 22
39 149 216 23
40 152 215 23
40 155 215 24
41 158 214 25
42 161 213 25
42 165 213 26
43 168 212 27
44 171 211 27
45 174 210 28
46 177 209 29
47 180 208 29
48 183 207 30
49 186 206 31
50 189 205 31
51 192 204 32
52 195 203 33
53 198 202 33
54 201 201 34
55 204 200 35
56 207 199 36
58 209 197 36
59 212 196 37
60 214 195 38
62 217 193 39
63 220 192 40
65 222 190 40
66 224 189 41
68 227 187 42
70 229 185 43
72 231 183 44
74 233 181 44
75 235 180 45
78 237 177 46
80 239 175 47
82 240 173 48
84 242 171 49
86 243 169 50
89 245 166 50
91 246 164 51
94 248 161 52
96 249 159 53
99 250 156 54
102 251 153 55
105 252 150 56
108 252 147 57
111 253 144 58
114 253 141 59
117 254 138 60
120 254 135 61
123 254 132 62
126 254 129 63
129 254 126 64
132 254 123 65
135 254 120 66
138 254 117 67
141 253 114 68
144 253 111 69
147 252 108 70
150 252 105 71
153 251 102 72
156 250 99 73
159 249 96 74
161 248 94 75
164 246 91 76
166 245 89 77
169 243 86 79
171 242 84 80
173 240 82 81
175 239 80 82
177 237 78 83
180 235 75 84
181 233 74 85
183 231 72 87
185 229 70 88
187 227 68 89
189 224 66 90
190 222 65 91
192 220 63 93
193 217 62 94
195 214 60 95
196 212 59 96
197 209 58 97
199 207 56 99
200 204 55 100
201 201 54 101
202 198 53 102
203 195 52 104
204 192 51 105
205 189 50 106
206 186 49 108
207 183 48 109
208 180 47 110
209 177 46 112
210 174 45 113
211 171 44 114
212 168 43 116
213 165 42 117
213 161 42 118
214 158 41 120
215 155 40 121
215 152 40 122
216 149 39 124
217 146 38 125
217 142 38 127
218 139 37 128
219 136 36 129
219 133 36 131
220 130 35 132
220 127 35 134
221 124 34 135
221 121 34 137
222 118 33 138
222 115 33 140
223 112 32 141
223 109 32 143
224 106 31 144
224 103 31 146
224 100 31 147
225 98 30 149
225 95 30 150
226 92 29 152
226 88 29 153
226 86 29 155
227 84 28 156
227 82 28 158
227 79 23 160
228 77 21 161
228 75 21 163
228 73 21 164
229 73 21 166
229 71 21 168
229 69 21 169
230 66 21 171
230 66 21 172
230 64 21 174
230 62 21 176
231 60 21 177
231 60 21 179
231 58 21 181
231 58 21 182
232 58 21 184
232 58 21 186
232 58 25 188
232 60 28 189
233 64 32 191
233 66 36 193
233 71 41 195
233 73 49 196
233 79 62 198
234 82 66 200
234 84 73 202
234 95 79 203
234 101 84 205
234 112 88 207
235 116 92 209
235 127 105 211
235 136 112 212
235 157 127 214
235 164 131 216
236 183 142 218
236 196 149 220
236 218 166 222
236 224 185 224
236 233 242 225
236 237 248 227
236 250 250 229
237 254 252 231
237 255 254 233
237 255 255 235
237 255 255 237
237 255 255 239
237 255 255 241
237 255 255 243
238 255 255 245
238 255 255 247
238 255 255 249
238 255 255 251
238 255 255 253
